1940	-20.2	-19.4	-12.35	-5.15	3.65	8.55	13.3	11.9	6.4	-2.05	-8.7	-20.1
1941	-22.8	-15.85	-13.7	-4.65	2.8	8.15	13.6	9.4	5.35	-1.75	-9.2	-16.55
1942	-23.85	-18.2	-10.35	-4.15	5	8.95	12.5	11.8	6.5	0.7	-8.7	-21.75
1943	-22.85	-17.25	-16	-7.1	1.15	8	13	10.95	6.8	1.2	-8.6	-19.95
1944	-17.8	-21.25	-14.65	-5.75	4	9.55	13.15	12.9	8.4	-1.35	-6.65	-18
1945	-21.25	-18.1	-10.55	-3.6	2.95	8.7	13	11.8	6.3	-1.6	-8.75	-18.25
1946	-22.65	-22.3	-11.05	-4.75	2.05	8.25	11.2	11.8	8.5	1.2	-9.75	-20
1947	-22.7	-14.05	-10.8	-9.6	0.2	9	14.7	12.2	5	2.1	-7.05	-17.3
1948	-22.45	-23.75	-17.35	-6.8	3.25	9.25	13.2	12.35	7.85	1.3	-5.1	-15.65
1949	-20.9	-22	-13.65	-3.4	2.3	11.45	13.55	11.7	6.75	0.95	-10.95	-16.15
1950	-23.8	-22.7	-14.5	-4.5	4.15	8.7	12.35	11.15	4.95	-1.35	-6.7	-14.7
1951	-21.1	-17.3	-10.35	-0.05	4	9.55	12.5	10.9	6.4	-0.2	-10	-19.1
1952	-22.25	-16.6	-9.05	-3.75	4.5	9.85	15.1	12.45	6.3	-2.15	-8.6	-14.45
1953	-20.1	-16.95	-11.15	-0.85	3.3	9.75	13.05	10.6	6.25	-0.2	-5.6	-16.35
1954	-25.45	-14.85	-12.4	-7.2	3.9	10.85	12.05	10.8	6.3	-0.2	-8.3	-16.3
1955	-17.65	-18.3	-13.85	-3.45	3.3	11.75	13.4	12.3	5.2	0.55	-6.95	-19.05
1956	-14	-18.65	-16.05	-4.15	-1	7.95	11.05	9.65	4.7	0.9	-9.05	-21
1957	-28.1	-18.3	-9.3	-5.1	1.55	8.6	12.1	9.6	6.2	0.85	-7.1	-14.9
1958	-16.1	-15.85	-6.2	-2.75	2.1	6.6	12.3	10.2	5.65	-1.6	-9.45	-23.15
1959	-18.5	-24.45	-15.65	-4.55	3.9	9.35	14.8	11.75	7.6	-1.1	-9.95	-17.35
1960	-19.3	-12.35	-14.05	-5.65	6	10.4	11.7	11.5	6.35	-0.5	-7.4	-18.05
1961	-24.85	-20.35	-13.3	-1.4	2.45	8.75	12.55	11.85	8.05	0.85	-5.35	-13.05
1962	-24.4	-24.5	-7.6	-6.3	2.05	9.55	11.7	12	5.8	-0.05	-8.85	-17.25
1963	-20.65	-22.75	-15.2	-3.55	1.9	9.6	13.6	9.9	4.05	1.45	-5.7	-21.65
1964	-20.75	-17.6	-15.25	-4.05	2.95	8.25	12.75	10.1	5.4	-2.05	-9.35	-18.4
1965	-23.05	-19.75	-12.2	-5.05	1.95	9.45	10.1	9.6	5.05	-2.8	-11.8	-18.45
1966	-15.6	-16.2	-8.3	-3.1	1.3	9.55	11.6	11	5.55	-0.6	-5.8	-16
1967	-21.35	-23	-17.4	-7.4	0.7	10.65	14.05	12.35	6.9	-0.15	-7.5	-16.15
1968	-24.15	-19.3	-14	-2.8	2.85	8.95	12.05	8.05	9.75	2.15	-9.85	-15.4
1969	-14.75	-15	-10.75	-8.85	0.75	8.35	11.9	11.6	3.7	-2.35	-4.85	-14.55
1970	-23	-20.75	-11.5	-5.75	1	8.9	14.1	12.85	5.15	1.75	-7.65	-21.75
1971	-21.5	-19.6	-11.55	-3.2	4.35	8.7	12.25	10.5	6.9	1.05	-9.45	-21.4
1972	-23.55	-23.4	-16.4	-5.65	1.2	9.1	13	10.25	5.1	-3.65	-10.85	-24.15
1973	-21.6	-21.05	-10.15	-4.05	3.7	11.65	14.85	13.25	5.2	-0.1	-8.8	-14.5
1974	-27.3	-20.9	-16.65	-6.75	0.85	11.2	13.1	11.05	4.4	-4.15	-8.1	-15.2
1975	-24.15	-20.8	-13.5	-5.95	4.2	11.45	15.1	11.7	6.9	0	-7.9	-20.5
1976	-23.3	-20	-15.9	-4.8	3.15	11.6	13.7	11.35	4.85	-2.4	-9.35	-21.5
1977	-20.65	-17.45	-7.95	-6.45	3.2	10	11.55	10.6	4.5	-0.25	-5.55	-17.75
1978	-22.5	-16.1	-16.95	-5.1	4.9	8.7	12.5	11	3.25	-2.55	-10.9	-19.1
1979	-18.2	-20.9	-9.45	-2.6	5.4	11.15	13.5	10.95	5.25	-0.05	-6.95	-15.4
1980	-19.4	-19.6	-12.15	-3.15	3.55	8.3	12.25	13.55	3.95	-2.5	-9	-23
1981	-21.2	-11.3	-8.1	-5.45	2.65	9.05	13.3	12.4	7.85	-0.45	-6.6	-12.85
1982	-23.85	-22.8	-14.55	-7.8	4	9.75	12.65	9.35	6.15	0.75	-7.9	-18
1983	-20.3	-19.2	-11.25	-1.9	2.1	10.75	12.1	11.55	7.45	-0.1	-8.4	-20
1984	-25.6	-14.85	-14.2	-2.75	2.4	8.6	13.4	12.8	4.9	-0.05	-7.55	-18.55
1985	-22.65	-17.6	-13.8	-6.85	0.75	9.65	12.75	11.9	7.2	-0.35	-9.75	-20.6
1986	-21.4	-19.5	-15	-1.35	5	6.65	11.7	11.1	4.1	-2.5	-12.3	-17.35
1987	-21.1	-18.2	-9.85	-0.2	3.2	9.25	13.45	10.6	7	-0.3	-8.65	-17.65
1988	-20.55	-21.85	-12.25	-2.4	5.3	8.1	13.95	11.65	5.3	-1.7	-7.15	-20.4
1989	-22.65	-22.25	-16.05	-3.95	5.9	10.95	11.95	11.7	7.05	-0.5	-10.9	-21.85
1990	-21.55	-23.4	-13.9	-4.75	2.05	9.9	13.2	12.95	5.1	-1	-8.75	-18.45
1991	-27.45	-19.8	-10.65	-4.65	3.05	9.6	12.9	12.45	5.35	-0.15	-7.8	-20.8
1992	-22.5	-23.3	-14.45	-5.9	3	8.5	10.25	11.1	6.85	-1.5	-10.6	-17.75
1993	-23.65	-25.35	-14.05	-3.2	4.05	10.15	13.6	12.4	5.05	-3.1	-10.8	-16.55
1994	-26.75	-22.7	-12.2	-6.8	1.8	10.5	13.35	10.15	6.7	1.9	-6.8	-16.25
1995	-21	-23.05	-13.2	-4.2	3.5	10.65	14.15	12.55	5.2	1.6	-9.55	-17.55
1996	-22.55	-18.35	-13.1	-2.6	1.5	10.9	12.65	12.3	6.7	-0.95	-8.05	-13.5
1997	-20.8	-21.4	-16.65	-5.05	1.4	9.25	12.45	10.75	6.85	-0.4	-9.15	-16.15
1998	-19.6	-14.3	-11.8	-1.8	6.1	11.25	13.35	11.8	7.25	-0.1	-8.45	-16.75
1999	-21.45	-16.15	-7.95	-2.5	7.15	11.95	13.45	11.95	9.9	-1.9	-7.35	-15.25
2000	-21.15	-19	-9.1	-5.3	2.45	8.25	13.2	12.95	5.95	-0.9	-6.15	-17
2001	-21	-20.35	-10.05	-4.75	7.15	10.65	13.1	13	7.45	0.9	-6.5	-12.7
2002	-21.9	-20.1	-15.15	-4.9	1.75	8.55	13.25	12.4	7.8	-1.7	-10.1	-16.35
2003	-21.15	-22.45	-15.4	-6.8	4.2	10.75	13.15	12.35	9.55	0.45	-7.25	-15
2004	-22	-18.5	-12.5	-4.85	1.6	8.35	13.8	11.8	6.5	1.25	-8.65	-19
2005	-24.6	-17.3	-12.1	-2.35	4.55	10.6	14.2	12.2	7.95	1.75	-7.3	-17.05
2006	-18	-19.85	-8.65	-1.25	5.95	11.9	13.85	10.45	6.9	0.15	-5.15	-14.3
2007	-19.5	-19.6	-14.35	-3.55	2.85	10.85	13.35	11	6.05	1.8	-9.7	-19.4
2008	-19.65	-19.65	-15.85	-1.3	4.5	10.55	14.25	13.25	7.45	0.65	-6.55	-18.75
2009	-23.1	-16.45	-13.7	-3.05	2.4	10.45	13.45	11.95	7.2	-1.75	-4.6	-14.65
2010	-15.7	-10.55	-9.55	-0.2	4.85	9.45	14.4	13.25	7.4	0.45	-6.4	-10.05
2011	-17.75	-19.9	-12.75	-5.45	3.15	9.9	13.15	12.6	8.05	1.65	-5.7	-16.35
2012	-20.6	-17.8	-10.75	-3.2	4.95	11.85	13.6	13.9	8.55	1.45	-6.65	-14.7
2013	-20.95	-17.05	-7.6	-4.05	4.45	8.6	13.65	11.9	6.85	1.15	-8.05	-21.4
2014	-21.1	-19.95	-17.8	-4.5	3.65	11.55	14.7	13.7	6.55	1.55	-9.7	-15.9
2015	-22.9	-25.75	-15.1	-5.45	4.4	9.2	12.45	14.05	9.3	-1.15	-6.85	-12.3
2016	-17.4	-19.95	-15	-6.45	4.75	10.55	13.45	13.1	7.65	1.35	-5.2	-18.15
