1960	-2.382826567	2.514896631	6.114067078	11.56668854	10.66591454	17.13942337	16.05229759	16.65078163	16.30100441	9.935844421	3.062723398	-2.401228666
1961	-0.272171348	-1.358043551	0.003193283	9.592782021	10.36877632	14.81464863	15.63253975	17.7556591	13.2885685	8.166044235	2.894457102	-5.138818264
1962	-8.539885521	-6.084891796	1.740043044	9.014221191	12.85152531	16.8612442	19.17266273	17.64266968	14.82128716	8.485818863	7.166551113	-4.919064045
1963	-5.014653206	-1.570606112	-0.504087448	9.22099781	13.92849255	18.49163437	19.07137871	15.89387989	13.62063313	7.458347797	4.095392227	-0.776437342
1964	0.260415494	-3.748500109	1.665269017	7.018683434	10.83773613	15.9198904	16.24881554	15.900424	13.49795723	7.195444107	0.267208517	1.565675378
1965	-4.699626923	4.340401649	2.838622808	9.959817886	13.22966003	17.0334549	16.7134285	16.06397629	13.07718849	12.0535965	2.359108925	0.67211163
1966	-1.972865582	1.497060895	5.250807762	7.437055111	13.5254488	15.8336525	19.46515656	17.2616806	14.64129257	11.2422924	3.004469633	-0.74593538
1967	-3.083366394	0.367592245	4.341508389	9.644199371	11.91162586	16.98206711	17.17265129	16.75359535	13.39780712	9.375126839	3.768404007	-2.777583838
1968	-2.343060255	-2.229013443	0.369708002	7.636170864	15.10170841	15.90899277	19.0267868	16.65943146	14.35935783	9.290671349	4.989363194	-5.742625237
1969	-3.371996164	-1.895197034	1.236535788	6.487439632	11.46111107	17.22517586	17.7734108	17.16834641	12.94671059	8.19080162	5.442115784	-0.361420393
1970	-3.589672327	0.616639376	0.596048117	8.786298752	14.36392403	14.23838139	18.51816559	19.52838898	11.67903423	8.271854401	3.023782015	3.16163826
1971	-3.092361927	1.375825047	5.567416668	7.309806824	12.39041424	16.00173378	18.70952797	16.54453278	11.0994854	5.960217953	4.168280125	-0.750693023
1972	-1.137493849	0.693139493	4.188069344	5.53874588	13.06521702	16.0965004	17.32176399	18.42002678	15.15866184	7.061644554	2.219606638	-0.785750687
1973	1.743531346	3.009837627	6.701124668	8.289636612	11.97550392	14.08111	15.90135479	18.38857841	13.7004528	5.244387627	3.579694271	3.537724018
1974	3.000665426	-0.163341552	4.064125538	7.246574879	12.87896824	15.20092392	18.56015587	18.62841606	16.75872803	7.461908817	2.176976681	0.043415431
1975	-0.331699491	-0.130720258	0.166608796	7.622146606	13.21418381	17.10578918	19.3457737	15.89691544	12.62870216	9.776197433	4.851426601	-1.690054655
1976	-1.093411684	1.553354025	6.280797482	6.071403027	12.60041237	16.54953575	16.72530556	16.37362099	11.48251438	9.2501688	4.815633297	-0.471013129
1977	0.054286305	-2.375986814	4.694711208	7.067489147	11.60326099	15.13167191	15.81681538	15.59663868	12.24895382	8.65622139	2.851793289	0.159042075
1978	-5.066895008	-1.371312022	4.066017628	6.823353291	13.73215008	18.24437523	15.14325809	16.16526985	12.9760704	6.695000648	3.280686378	3.356620312
1979	-4.307198524	1.275402784	2.47051096	5.224298954	10.03098392	14.98450279	15.15375614	16.51451302	12.85067463	7.763279438	2.14921093	-0.471067548
1980	-3.28622818	-0.814498484	6.5921731	7.094927788	13.57184887	16.65171242	16.57110977	16.88654709	13.92227268	8.569408417	4.03255558	-2.576712608
1981	-5.053115845	-1.229372263	4.394794941	5.921967506	13.69003105	16.9769516	18.9347496	18.09825134	16.35073853	9.571910858	4.661344528	1.564937949
1982	3.050987244	-2.638735771	4.335122108	9.506105423	13.31118679	16.58612823	20.46560669	18.19795036	14.00205708	9.173059464	2.020621777	-0.776474237
1983	-0.338844657	-0.953718901	1.90896821	6.924019337	11.85699081	14.35676384	15.56296921	16.92551041	12.33064938	9.899738312	4.465060711	-0.594197631
1984	-6.740382671	-5.059311867	3.059514999	7.899901867	14.27501583	13.36998749	17.79467964	17.39299393	13.59906483	8.18303299	0.688024759	2.972997904
1985	-0.749596894	-7.077566147	3.016230345	9.23623085	15.28098679	16.16934586	17.11209869	17.14023972	11.92006207	9.14618206	4.710624695	0.33436206
1986	-7.816018105	-1.161014199	-1.525264144	8.696531296	10.8012991	14.85119343	17.55353737	15.47200489	14.9563303	8.951306343	4.526574612	1.4604038
1987	2.302747488	1.530279279	2.031829596	8.458367348	14.7833271	15.59364319	17.79977036	17.40641594	13.51826954	9.425475121	0.269037813	1.790633321
1988	0.53873831	2.978378296	6.430860996	8.816695213	13.62408829	15.17803955	17.79372215	17.72147369	14.36116505	10.02751827	1.597391844	0.967845082
1989	0.883639991	4.713035107	7.25942421	7.624171257	14.56489277	16.4193573	17.59918022	19.12784386	11.61981392	9.412905693	4.290389061	-0.131591871
1990	0.583408594	-3.465900421	5.720793247	7.273405075	9.519337654	14.71494293	19.09521866	17.78723907	14.76724243	7.591933727	2.90980196	-1.45514071
1991	0.518776059	1.993198752	4.11157465	8.219413757	14.43227291	17.86679077	19.58114433	21.34940338	13.67695236	6.649158955	3.914088964	-0.703446031
1992	0.820781231	-2.739043236	2.432526112	9.844065666	15.65960217	15.99377823	16.70385933	17.22380066	12.55046844	7.931238174	0.587827206	2.61165309
1993	2.62868619	-0.329444855	6.231990814	8.100212097	12.94696999	17.12636757	21.45475197	18.47321129	14.38426781	6.673760414	6.271338463	1.941121459
1994	-1.256094098	4.266554356	2.798148632	8.984148979	12.80352497	15.03555775	20.70256042	17.88781548	12.73154831	10.57932854	0.995175838	-1.978153944
1995	-4.125404358	-3.687322855	-0.330897629	8.273719788	12.84427547	16.56418419	15.7553997	16.92686844	10.9312706	9.539768219	4.928275108	-4.625314236
1996	-4.279583454	2.21264863	4.17130661	5.197302818	13.80195808	16.61696625	17.39321899	18.72344208	13.26769161	6.37757206	3.181146383	1.472718954
1997	0.941014051	3.633771181	3.66049552	10.14285374	14.34424782	17.42831612	17.39975357	17.67508698	12.94097996	8.695202827	0.63742286	-0.722583413
1998	0.720844448	-0.833949983	5.037130833	9.010959625	14.04864407	15.70252609	19.17338562	17.17414856	16.40326118	8.43735981	2.313996315	0.592314601
1999	-1.464594841	3.156755209	4.311550617	11.61627388	15.13486004	17.78351212	15.92202568	19.08103561	13.19137859	10.86777306	5.099913597	1.059550762
2000	-1.387326479	0.982610106	4.185597897	7.350588322	14.48768997	14.48505974	18.2815876	18.56988144	11.74302292	11.81372166	2.019535303	-2.218829393
2001	-0.381473809	4.217829704	4.652288437	8.120835304	15.9845314	17.83998489	18.7035408	19.01157761	12.37425804	7.525876999	4.684483528	-1.813307524
2002	-1.425028801	-3.855362177	4.313965797	7.9522295	15.43874836	20.09869576	18.92645645	20.73253632	13.66969395	5.672517776	4.763275623	-0.069559127
2003	-3.479424715	1.637061596	3.29580307	9.365884781	11.92008114	15.56816769	17.89162827	18.76578522	13.61133003	9.54413414	3.850185394	-0.128323346
2004	0.590147138	-3.39123702	1.80361712	9.630566597	13.48160362	16.2763176	18.35024261	16.39788437	14.79196262	9.690236092	2.545504093	-0.460743308
2005	-5.450938702	-2.736649275	0.577857018	8.568912506	13.23772907	17.36794662	21.74074554	15.63456059	16.21041679	10.38316441	6.0410676	2.861891508
2006	3.818114996	3.435001135	5.698544979	10.56767941	14.96147919	18.65447998	18.85545731	18.08127785	11.79439926	7.909938812	1.83030045	-0.070405558
2007	2.063603401	2.931973219	3.614495516	8.079658508	14.01405144	17.812397	18.18022537	18.41791344	12.57637501	8.818728447	4.568536282	1.043510199
2008	-3.998166084	-0.531544268	3.777412176	12.65474129	14.08527946	15.38549232	18.41921425	19.23173904	15.42249012	7.966673374	6.306196213	-0.602219701
2009	-4.59221983	-1.389136791	3.397382259	8.699059486	12.11587811	17.20293617	20.87353325	17.91787338	11.9495697	6.81964016	5.097327232	-4.593607903
2010	-0.415760338	-1.163584352	4.78541851	11.17571163	13.88478565	17.48817253	16.63778305	18.41894341	15.23966789	8.511434555	3.00771904	3.010465145
2011	0.735579491	-4.795987606	6.125985622	9.216900826	15.18738461	17.09630966	18.16759872	18.99364853	13.72463322	7.646842957	4.674434662	-0.877247334
2012	-1.577382803	-0.991964638	-0.540165782	8.819005966	12.3395853	16.60225868	19.49991226	17.88483047	12.40549278	9.287755966	4.558269501	1.96241045
2013	1.199324489	2.629986763	6.637430668	10.31868172	12.46912289	16.33545303	19.73614693	16.54066467	14.6952734	10.49091244	6.54749155	2.393477678
2014	1.79291153	0.420209944	4.79830265	8.073131561	12.93490314	16.46513748	20.70392609	21.95653915	13.71949387	8.224261284	6.554746151	4.753292561
2015	-0.522800684	3.64097333	3.782432079	7.91016531	14.1085825	17.55587387	19.21725845	17.67845726	16.73271751	8.144288063	3.04617238	0.458783239
2016	-5.016965389	1.685073018	6.654947281	7.734520435	14.2169838	18.50366592	19.15446854	19.27981186	12.46054935	10.30853176	4.573312759	1.743911743
2017	3.084620953	-2.637687683	1.476993918	13.15530968	16.79213905	18.09887314	20.69441795	21.50605202	15.33415699	10.503088	4.646131992	2.563171387
2018	-0.511608779	2.628222704	6.4642272	9.920255661	11.29602909	21.58876038	19.58517456	19.53650093	14.01442146	9.882357597	5.84954977	2.678027391
2019	1.625117183	5.131807804	4.678120613	9.918650627	11.53838444	16.99059105	18.65495491	19.63574219	14.79813099	9.569659233	4.451502323	2.605219126
